32
37
38
52
66
70
82
80
94
122
479
42
43
57
63
71
75
87
85
99
95
111
113
135
127
157
217
219
247
305
525
761
44
58
64
77
76
98
88
139
136
287
72
78
91
86
90
112
102
153
239
84
97
92
96
106
165
134
159
301
245
110
105
109
131
121
119
163
133
129
145
147
211
169
161
227
205
241
383
547
475
755
1265
1427
6715
100
104
126
116
114
124
173
167
176
251
611
108
120
118
162
177
194
146
171
160
255
150
199
193
356
132
130
174
144
140
189
158
183
238
202
325
269
331
128
172
142
138
187
154
208
181
178
190
268
323
265
186
225
244
367
311
156
152
201
168
170
222
195
192
274
281
601
541
148
197
164
214
166
191
188
210
200
224
333
275
260
277
213
263
215
279
237
229
259
249
363
319
388
381
393
563
453
527
647
561
691
633
777
180
230
182
207
204
196
226
216
349
291
355
284
257
254
246
266
341
338
671
184
236
248
209
206
198
218
296
314
293
290
295
326
288
261
258
316
280
294
380
345
347
428
273
270
282
306
378
374
359
1139
234
231
223
289
253
243
357
321
267
335
303
313
320
417
343
449
573
403
557
411
507
433
447
773
609
511
521
537
555
665
583
603
627
683
933
1061
228
220
250
240
318
264
350
315
317
379
446
212
278
242
232
310
256
365
328
342
307
292
302
304
309
371
364
308
298
431
373
375
398
272
262
340
286
395
358
337
332
334
339
370
464
500
252
366
330
276
385
362
344
327
312
322
324
329
391
352
410
360
442
441
443
505
354
426
405
390
400
407
469
438
474
532
300
409
386
368
351
336
346
348
353
415
450
376
613
477
445
455
457
543
493
539
571
553
575
589
701
675
625
637
635
673
865
959
911
1457
458
440
423
408
418
425
448
753
745
434
439
536
462
494
522
699
436
419
414
416
421
488
548
402
387
397
404
501
427
585
485
435
481
513
459
677
471
529
657
495
591
517
693
605
621
783
837
615
723
639
651
667
687
711
941
849
767
805
881
1025
1101
1323
1383
372
382
384
389
451
486
412
470
420
444
472
717
502
709
1169
392
394
399
422
480
430
476
508
454
466
524
490
719
396
401
463
498
424
482
432
478
456
729
576
759
406
503
429
587
487
437
483
515
461
473
531
489
497
519
599
567
533
645
737
619
695
607
569
1013
623
579
727
785
663
764
617
875
653
771
735
739
713
1131
821
1019
1145
1049
1229
1445
1157
2291
1811
1553
7229
530
565
491
649
549
499
545
597
577
769
523
741
535
593
551
705
559
655
581
661
629
595
707
799
681
659
669
631
685
643
641
725
679
703
1073
715
885
833
813
731
751
797
871
1005
1193
869
931
1205
1133
1289
1841
2405
526
584
534
594
823
763
1949
452
510
460
506
558
484
496
512
620
604
689
787
668
915
1777
568
518
542
554
578
815
807
747
845
1043
1625
1259
468
514
546
738
492
504
562
520
765
630
638
697
993
560
612
592
538
550
608
566
811
596
803
743
1039
590
618
626
863
795
893
1315
570
582
640
606
843
628
642
835
716
775
873
1035
967
516
528
544
552
789
574
654
781
678
721
819
1651
1007
1037
1235
540
598
556
564
801
586
666
634
600
686
674
636
648
733
831
1345
1253
656
614
622
718
644
851
722
748
704
791
1087
979
872
572
580
676
602
650
616
809
702
652
664
662
749
700
971
963
903
1001
1199
588
825
684
610
690
658
624
817
688
698
714
672
670
757
855
921
847
895
861
1065
947
1023
935
897
909
907
945
969
1275
1079
1017
1063
1041
1317
1077
1121
1419
1311
1211
1355
1161
1255
1185
1231
1183
1221
1401
1473
1375
951
1373
632
712
680
646
710
720
682
736
692
776
779
766
1075
848
1709
726
919
812
800
762
774
859
957
728
694
806
887
758
730
784
740
827
925
778
802
1123
850
894
991
660
853
746
822
724
734
696
750
708
706
793
891
768
878
1313
884
846
905
1003
856
892
1015
917
889
943
899
1105
983
1195
961
1091
1267
989
1329
1059
1033
1263
1171
1113
1089
1303
1141
1247
1177
1223
1189
1463
1343
1527
1299
1481
1321
1357
6503
997
1095
1293
1517
1509
1119
1217
1823
810
820
794
879
977
830
866
1036
1175
882
1491
896
868
978
788
760
772
918
857
955
860
1000
1547
808
770
824
782
928
867
965
818
854
940
732
786
744
742
890
829
927
780
804
934
1125
832
954
1393
1273
1371
840
798
796
883
981
834
858
870
906
956
930
1447
756
754
902
838
841
939
792
816
1137
844
914
1361
752
958
836
839
937
790
814
826
944
842
862
908
912
886
968
964
922
966
942
994
987
1085
938
990
1010
1045
1148
1609
920
923
1021
874
898
910
1219
992
1144
1108
1048
1099
1050
926
1159
1024
877
1135
985
901
1271
913
1103
1031
1207
929
949
995
1495
1069
1147
973
1055
1249
1203
1111
1423
1051
1009
1053
1029
1391
1243
1067
1143
1057
1471
1081
1287
1187
1339
1117
1163
1115
1279
1403
1283
1435
1333
1415
1239
1319
1237
1331
1297
1409
1309
1387
1753
1453
1487
1555
8113
1257
1455
1671
975
1233
1083
999
1369
1011
1201
1181
1129
1109
1027
1367
1047
1093
1167
1097
1071
1153
1277
1301
1149
1107
1151
1127
1341
1165
1241
1155
1179
1385
1191
1285
1437
1451
1215
1261
1213
1227
1905
1251
1501
1697
1599
1381
1337
1417
1335
1359
1661
1429
1395
1405
1725
1913
1467
1479
1885
2341
828
852
864
1173
962
880
946
950
1062
980
1489
1066
1397
1431
1204
1281
988
1008
1110
1088
1597
1505
1497
876
888
1006
1197
904
924
970
974
948
1030
1026
984
1028
1004
1421
1591
1779
1465
2201
900
1209
916
936
982
986
960
1038
1040
1016
1525
1044
1433
1477
1399
1793
1379
1168
1086
1106
1695
1787
1327
1174
1643
1735
1551
1543
1595
1503
1307
1225
1245
1291
1365
1295
1443
1269
1351
1545
1475
1499
1407
1347
1305
1349
1325
1647
1687
1539
1363
1439
1353
1377
1583
1389
1483
1413
1459
1411
1425
1737
1731
1535
1533
1557
1603
2049
1721
1835
1957
2277
2137
1014
1034
1094
1228
1324
1531
1701
1523
2571
2885
932
952
998
1002
976
1058
1054
1012
1070
1146
1060
1084
1096
1118
1449
1264
1441
1789
972
1018
1022
996
1074
1032
1052
1090
1561
1080
1653
1469
1639
1461
1513
1879
1064
1068
1042
1120
1078
1122
1607
1515
1685
1507
1559
2199
1142
1116
1152
1172
1589
1581
1633
2255
1072
1046
1124
1082
1126
1611
1216
1130
1166
1703
1202
1519
1689
1511
1276
1230
1336
1350
1837
1659
1711
1020
1102
1250
1098
1056
1100
1076
1114
1585
1190
1104
1128
1677
1162
1493
1485
1537
1138
1158
1667
1186
1210
1316
1292
1575
1745
1567
1619
2833
2039
2705
1502
1769
1813
1262
1396
1869
1691
1286
1715
1767
2561
1238
1214
1252
1723
1372
1302
1348
1815
1300
1338
1623
1134
1178
1154
1192
1268
1182
1206
1312
1288
1240
1254
1278
1408
1571
1563
1615
1092
1136
1112
1326
1150
1226
1140
1164
1176
1200
1713
1362
1322
1529
1887
1521
1939
2195
2123
2481
1180
1156
1194
1314
1244
1242
1280
1573
1388
1743
1458
1565
1617
1132
1170
1160
1184
1196
1290
1220
1266
1733
1218
1232
1386
1436
1422
1340
1549
1364
1719
1412
1541
2387
1492
2055
1863
1532
2003
1911
2849
1384
1855
1374
1398
1432
1763
1208
1198
1222
1234
1328
1480
1258
1256
1420
1460
1587
1402
1579
1631
1755
1669
1705
1729
1775
1741
1765
2027
1975
1849
1909
2101
2219
2643
2353
2647
2449
2461
2471
2629
4843
8725
1360
1274
1298
1504
1310
1334
1346
1456
1444
1663
1526
1586
1655
1188
1212
1224
1484
1294
1761
1246
1410
1370
1358
1368
1577
1569
1621
2415
1236
1248
1494
1272
1785
1270
1434
1438
1518
1382
1392
1601
1771
1564
1462
1959
1593
1645
2781
1478
1991
1490
1514
1977
1260
1284
1330
1797
1282
1296
1446
1602
1582
1406
1394
1404
1588
1613
1783
1605
1657
2451
1448
1378
1424
1891
1376
1414
1707
1877
1699
2279
1530
1696
1859
2029
1903
2057
1542
2043
1865
3053
2711
1308
1354
1306
1320
1470
1344
1626
1554
1418
1637
1452
1807
1578
1995
1616
1629
1681
2817
2047
2475
1400
1867
1352
1366
1516
1390
1476
1600
1556
1474
1658
1683
1568
1544
1675
1727
3551
1833
1983
1857
2205
2271
2037
1943
1931
2207
2109
2035
2155
2091
2457
2085
2409
2129
2121
2507
2373
2759
2541
2553
2625
2841
8193
4255
8463
1304
1318
1468
1342
1472
1604
1428
1508
1416
1426
1635
1450
1805
1520
1498
1496
1576
1993
1570
1627
1679
2045
2301
1332
1482
1356
1606
1486
1638
1442
1566
1522
1430
1440
1624
1649
1500
1612
1512
1628
1641
1693
1656
1506
1686
1592
1672
1580
1799
1684
1650
1660
2465
1380
1510
1662
1560
1466
1590
1546
1454
1464
1648
1673
1488
1558
1524
1636
1536
1534
1614
1652
1665
1717
1923
2093
1784
2281
1915
1967
2289
2163
2013
2065
2687
2087
2257
2092
2079
2019
2011
2063
1961
2131
1953
2005
1640
1772
1584
1594
2161
1782
1795
1847
2213
2641
1748
1955
1947
1646
1634
1828
1853
1794
2211
1845
1897
2263
1935
1820
2773
3139
2345
1979
2031
1552
1676
1540
1816
1550
1759
1574
1622
2117
1694
1738
1730
1751
1803
1766
2425
1664
1674
1734
1746
2241
1854
1875
2293
1630
1839
1654
1724
1700
1844
1818
1831
1883
1846
2249
2159
2151
1528
1538
1706
1747
1562
1708
1598
1710
1610
1928
1670
1682
1726
1840
1739
1791
1754
2585
2467
2825
2459
2023
1838
1964
1548
1732
1757
1572
1718
1608
1720
1620
1618
1698
2695
1728
1749
1801
3097
1941
1756
2111
1826
1902
1804
1802
1984
1876
1985
1925
2095
1810
1776
1866
2283
1917
1969
2034
1781
2105
2083
1851
1927
1817
1829
1827
2009
2147
1907
2273
2375
1889
1901
2089
2135
2321
2397
2519
2007
2165
2033
2435
2069
2887
2453
2153
2193
2189
2243
2307
2645
2659
2513
2723
2533
2333
2369
3635
2559
2501
2763
2609
2753
3143
2837
3365
2937
3083
3089
3509
8279
8633
1596
1666
1742
1632
1744
1644
1642
1962
1722
1704
1716
1904
1760
1874
1773
1825
2275
2463
2149
2521
2021
2097
1987
2099
1997
2141
2059
2297
2071
2721
2393
2115
2229
2107
2143
2177
2509
2167
2335
2245
2203
2489
2605
2251
2657
2357
2323
2477
2815
2431
2893
2487
2503
2669
2527
2805
2707
3377
3641
4771
8803
1946
2006
2018
2075
2709
2343
2395
1736
1702
1814
1714
1712
1856
1774
1786
1843
1895
1882
1918
1954
1966
2072
2078
2261
2517
1888
1778
1890
2108
2285
1850
1862
2020
1898
1919
1971
1958
2036
2337
2593
1668
1780
1680
1678
1822
1758
2175
1740
1940
1796
1910
1788
1809
1861
1926
1884
2227
2655
2483
1892
1792
1790
1972
1934
1852
1864
1900
1921
1973
1970
1960
2032
2339
1692
1690
1770
2187
1752
1990
1764
1808
1922
1800
1821
2138
1873
2044
2056
2239
2869
3183
1688
1870
2008
1832
1768
1750
1762
2084
1806
1798
1819
1996
1871
1834
1858
2026
1936
2180
2042
1988
2001
2053
2139
2191
2154
1912
2329
1894
1906
1963
2140
2015
2080
2086
2381
3011
1848
1830
1842
1886
2000
1878
1899
2216
1951
1914
1948
1938
1974
2022
2094
2118
2573
2265
2317
2939
3477
2102
2272
2150
2223
2186
2589
3383
2693
2327
2379
2247
2259
2447
2303
2877
2697
2523
2949
2391
2549
2677
2439
2921
2535
3017
3309
2691
3329
2751
2787
3281
3123
3085
2861
3049
3209
3111
3785
3605
4925
4373
7977
4299
2419
2785
1812
2050
2827
1824
2146
1868
1982
1860
1881
2058
1933
1896
1930
1920
1998
1956
1992
2104
2226
3093
3065
2062
2098
2171
2134
2236
2537
2875
3259
3457
2945
2971
3007
3245
3305
3349
4159
4097
4001
3965
5473
8761
9217
7189
9571
1836
2024
1880
1994
1872
1893
2210
2070
1945
1942
1932
2010
2016
2128
2320
2242
2252
2068
2081
2096
2130
2192
3269
2276
2456
2499
3129
2595
2961
2204
2217
2394
2269
2266
2440
2891
2215
2264
2332
3403
2633
1924
1916
1937
2114
1952
1986
2318
1976
2144
2012
2170
2060
2120
3125
2132
2156
2240
3417
2312
2355
2372
2783
2480
2611
3149
2030
2103
2066
2090
2168
2126
2174
2270
2336
2469
3263
1908
1929
2246
1981
1944
1978
1968
2046
2162
2052
2152
2158
3117
2124
2164
2214
2278
2288
2382
2775
3923
1950
2267
2127
2313
2002
1965
2389
2511
2793
1999
2331
1989
3191
2157
2583
2067
2025
2539
2661
2901
2183
2311
2427
2061
2073
2173
2295
2879
2445
2133
2145
2555
3219
2315
2169
3147
2181
3619
2299
2637
2359
2651
2615
2253
2505
2761
2715
2309
2525
2325
2963
2349
2371
2385
3491
2627
2579
2569
2421
2433
2623
2915
2515
2757
2719
2495
2493
2529
2565
2755
2883
2951
2613
2683
2649
2903
2681
2739
3215
2925
2745
2975
3135
2829
2993
2865
2867
2889
3611
3303
3009
3075
3463
3105
3847
2444
2319
2282
2342
2450
3455
2552
2685
3113
3629
2179
2176
2166
2202
2238
3315
2322
2801
3489
2365
2536
2731
3159
3525
3579
2054
2017
2441
2051
2041
2209
2635
2119
2077
2953
2235
2363
2113
2125
2225
2347
2531
2899
2823
2931
2497
2403
2185
2231
2197
2607
2367
2221
2237
2429
2233
2287
2351
2689
2411
2703
2667
2305
2995
2557
2813
2619
2799
2361
2399
2577
2377
2543
2401
2455
2413
2423
2437
2679
2631
2621
2473
3043
2675
2967
2567
2809
2771
2547
2545
4315
3087
2581
3151
2617
2935
2873
2665
2895
2701
2955
2725
2737
2791
4015
2977
2797
3039
3471
2881
2905
2959
2917
3567
2941
2981
3251
3071
3057
3061
3317
3127
3769
3515
3823
3353
3295
3277
3313
3843
3911
8677
1980
2014
2004
2082
2040
2198
2326
2076
2088
2188
2160
2330
2200
2314
2324
2383
2811
3013
2639
2512
2624
3235
3063
3655
2929
3185
3467
2048
2038
2206
2116
2074
2360
2110
2122
2344
2182
2228
2194
2234
2230
3479
2417
3047
2673
3211
3875
2749
3379
3005
2028
2106
2064
2222
2350
2112
2212
2334
2218
3177
2354
2224
2338
2348
2564
2407
2835
2663
3201
5117
2274
2232
2516
2575
3003
2831
5285
2816
3001
3257
2142
2300
2428
2178
2190
2562
2250
3255
2262
2286
2298
2442
2485
3115
2741
2682
2100
2258
2386
2502
2136
2148
2248
2370
2208
2254
2220
2630
2390
2260
2452
2310
2642
3505
2384
2443
2424
2446
2871
3073
2699
3237
2957
3213
3079
3335
3319
2294
2306
2366
2378
2468
2486
2558
2601
3029
2857
3545
3449
2672
2434
2506
2729
2732
2845
3475
3639
2172
2184
2284
2406
2462
2244
2290
2666
2426
2280
2346
2826
2479
2460
2496
2907
3109
2735
3273
3327
2196
2296
2474
2256
2302
2268
2438
2292
2308
2500
2304
2358
2422
2432
2491
2919
3121
2747
2396
2702
2574
2356
2402
2392
2458
2522
2476
3653
2548
2591
2626
2847
3385
2478
2524
2490
2660
2514
2526
2704
2692
2713
2694
3141
2897
3153
3745
3265
3983
4145
2863
3291
3119
6457
2716
2570
2636
2654
2769
3197
4385
2316
2362
2328
2738
2498
2352
2368
2418
2436
2492
2508
2551
2532
2586
2979
2678
2676
3181
2807
3345
3399
2408
3367
2374
2398
2414
2410
2464
2588
2482
3659
2576
2754
2597
2614
3025
3227
2853
4213
3445
3441
3535
4289
3513
4151
3549
3609
3621
3907
3681
3801
3871
4091
4157
4903
5083
9003
9189
8523
9059
9459
8571
2340
2510
2364
2380
2572
2376
2430
2494
2554
2448
2504
2542
2686
2563
2598
2822
2991
2819
3507
2876
4139
4143
3401
4547
2550
2742
2546
2600
2618
2690
2733
3161
3363
2989
3677
2388
2404
2400
2454
2518
2834
2472
2528
2766
2566
2587
2568
2622
2604
2640
3015
2714
2712
2843
2420
2416
2470
2534
2488
2740
2544
2582
2560
2603
2638
2596
2606
2620
2862
2750
2728
2764
3233
2859
3547
3993
2804
2608
2680
2932
2774
2795
2788
3006
2848
2860
3223
2920
3051
4375
2412
2466
2530
2590
2846
2484
2992
2540
2578
2599
2580
2592
2616
2858
3027
2726
2855
4037
4831
9670
7349
2520
2584
2644
2538
2790
3715
2594
2632
2810
2610
2776
2653
2634
2646
2656
2670
3081
2908
2836
2898
2970
3501
3028
2994
3037
3293
2648
2602
2658
2896
2696
2840
2717
2698
2752
2710
3145
2878
2973
3511
3055
3483
3685
3311
3903
4629
2662
2718
2956
2756
2934
2734
2777
2812
3205
3407
4807
3571
4357
4249
3128
3187
3443
6529
3069
2918
3033
3234
3086
3461
3663
3289
3673
2556
3064
3016
2612
2650
2828
2628
2794
2671
2652
2664
2674
2688
2882
2872
2798
2927
2952
2984
3465
3308
4305
2864
2880
2923
3351
3236
3717
3179
3435
3133
3389
4591
2942
2985
3244
3241
4193
3827
3971
3829
3883
3841
4049
5479
4161
4409
5087
5555
6211
7331
9223
6127
10105
3131
3979
3200
3182
3421
4013
2668
2706
2884
2684
2850
2727
2708
2762
2720
2730
2938
2780
3155
2910
2852
3272
3212
3521
3575
4307
3088
2965
2958
3030
3221
3162
3270
2744
2922
2722
2888
2765
2800
2758
2768
2818
2830
3193
3020
3395
3021
3010
3046
3078
4339
5969
7103
3100
2900
2943
2924
2960
2996
3008
3371
3090
3068
3199
3330
3737
4519
2700
2866
2743
3186
2724
2778
2736
2746
3002
2954
2808
3171
2870
3373
2999
3258
3196
2988
3204
3537
4323
2909
2890
2944
2902
2912
2974
3337
3056
3165
3853
3142
5761
3757
5611
4113
7751
4019
6615
7105
2786
3229
3381
2767
2821
2779
2789
3751
2803
3909
3439
2997
2987
2839
2851
3041
2969
3333
2933
3175
3137
2913
2911
3331
3593
3453
4075
2947
3042
2983
3173
3691
3019
3369
3031
3533
3101
3261
3067
3299
3321
3091
3099
3103
4009
3157
3343
3497
3387
3163
3405
3943
4329
3631
3553
3247
3595
3271
3325
3283
3933
3285
3307
3953
3569
3391
3437
3423
3427
3493
4135
3701
3487
5155
3623
3499
3523
3559
4025
3799
3807
3607
3719
3703
3739
4433
3811
3919
5371
3991
4003
4449
4649
4171
4709
8029
4399
4423
4501
8161
5251
9043
4651
3657
3859
3485
2748
2802
2760
2770
2784
3026
3195
2894
3023
3082
3280
3266
3561
4555
2814
2824
2838
3032
2874
2886
3249
3076
2968
2948
2946
2982
3451
3077
3018
3765
3054
3066
3568
3136
3126
3138
3306
3615
3669
2772
2782
2796
2980
2832
2844
3207
2962
2926
2906
2940
3409
3035
3723
3294
3024
3254
3092
3150
3573
5725
2792
2806
2990
2842
2854
3217
3044
2972
2936
3140
2914
3045
3176
3104
3070
3102
3160
3328
3583
3637
6755
4007
4695
2820
3014
3004
2856
2868
3231
2950
2930
2928
3433
3059
3747
3118
3316
3174
3342
3597
3651
4343
7055
4165
3256
3098
3473
3172
3206
3301
3989
3362
4661
4069
3695
5015
4207
3208
3198
3050
3062
3425
3124
3122
3627
3253
3941
3278
3510
3368
3791
4613
3845
5573
3052
3415
3242
3170
3134
3376
3114
3112
3148
3617
3243
3184
3220
3232
3268
3500
4603
2892
2904
3267
3022
2986
3190
2966
2964
3000
3095
3783
3292
3154
3314
3120
3352
3210
3440
3464
3378
3338
3633
3687
4415
2916
3279
3106
3034
2998
3240
2978
2976
3012
3481
3107
3048
3084
3326
3132
3164
3222
3350
3645
4609
4459
3837
4039
3665
4257
4867
3469
3397
3361
3565
3341
3339
3881
4377
3375
3411
3601
3447
3797
3459
3529
3689
4073
3519
3531
4027
3585
3771
3925
3591
3833
3821
4395
4059
3981
3675
3699
3839
3711
4361
3713
3735
4203
3997
3775
4457
3819
3865
4085
4111
4233
3921
4383
4051
3987
4453
4071
4201
4167
4469
4989
5705
5333
5105
8717
9117
3188
3392
3168
3671
3297
3502
3835
4499
4617
4279
3905
3152
3116
3358
3096
3225
3356
3202
3274
3286
3340
3466
3763
3817
4545
5671
3589
4277
3080
3322
3060
3058
3094
3189
3130
3320
3166
3178
3248
3214
3238
3246
3250
3304
3310
3394
3430
3727
3781
4507
4721
3526
3302
3805
3431
3969
6487
3767
3393
3524
4081
3442
3985
4891
4517
3040
3038
3074
3543
3169
3110
3857
3428
3366
3146
3158
3388
3194
3772
3448
3218
3230
3284
3514
3290
3680
3374
3398
3538
3452
3434
3707
4529
3761
3036
3456
3072
3167
3426
3364
3156
3226
3386
3424
3224
3282
3594
3512
3536
3450
3410
3705
3748
3759
5311
8023
3961
3587
3646
4125
4179
6277
3849
3826
4387
5051
5167
6905
4083
3709
4397
4301
5033
6155
5651
4579
7523
3108
3203
3144
3400
3192
3262
3422
3460
3260
3318
3548
3432
3572
3446
3741
3508
3795
4523
4105
4793
8215
3613
3803
3931
3999
3731
3891
3697
3929
3721
3733
4639
3787
4993
3973
4127
4099
4017
4711
3793
4023
4597
4261
3877
4225
3955
3937
4405
4351
4657
4103
4053
4723
4057
4435
4123
4511
4129
4153
4763
4419
4429
4237
4309
4333
5575
4369
5869
4691
4571
4669
6427
4693
8003
5779
5359
5545
6131
8791
7139
6205
5695
5773
3773
4311
4365
3239
3429
3557
4121
3495
3275
3625
3287
4379
3789
3869
3357
3517
3323
3555
3901
3577
3347
4325
3355
3359
3855
3413
4619
3889
3599
3753
3725
3643
3419
3661
4585
3649
4223
3887
3809
4853
4273
3503
3851
3527
3667
3581
3539
4189
3541
4553
3563
4209
5093
4031
3603
3977
4283
3873
3729
3647
3693
3679
3913
3683
3945
4745
4061
3749
4211
4391
5041
4445
3743
3755
3779
4703
4913
4541
3815
4063
4089
5029
3863
5489
3917
4475
3899
4177
6157
3935
3959
4029
5201
3995
4487
4689
4829
6473
4297
4067
4521
5345
4565
4219
4197
4175
8489
4303
4871
4687
4247
4573
4359
4295
5843
4319
6395
4817
4421
4403
5429
4463
7433
4535
4701
8009
5195
4975
4933
6169
5831
5459
5321
8945
4787
4799
6425
8309
4939
6493
3180
3370
3927
3498
3436
3216
3228
3298
3458
3496
3288
3296
3354
3666
3360
3608
3522
3482
3777
3690
3831
4563
5693
4117
3688
3488
3454
3486
3490
3550
3712
3694
3967
3734
4021
4753
6675
7347
10902
4485
5267
4245
4809
4183
3963
4313
3975
4045
4243
4589
4265
4035
4043
4047
4543
4953
4577
4441
4413
4331
4107
4349
4337
4575
4539
4215
4355
4269
4227
4229
4251
6537
4367
4633
4825
4431
4467
4503
4775
4751
4777
4663
4795
4755
5005
5921
4907
6549
5915
5153
4935
5465
8625
5393
5151
7213
5395
5343
5701
9233
9105
8997
5587
3546
3582
5331
4149
4759
5323
6575
3484
3520
3556
3610
4033
4087
4697
4813
6581
5941
3252
3264
3766
3334
3494
3300
3532
3554
3324
3332
3390
3730
3504
3644
3558
3518
3813
4040
3867
5965
4595
5729
3830
4163
4943
4949
6079
3276
3346
3506
3312
3544
3336
3344
3402
3650
3492
3516
3570
3530
3825
3592
3682
3879
5977
4489
4607
4611
5581
6833
4327
4381
6235
4461
5189
6925
3382
3614
3636
3406
3414
3418
3472
3658
3478
5131
5953
3562
3586
3726
3640
3622
3895
3752
3738
4717
3949
4559
3542
3574
3578
3632
3862
4055
4109
4837
3348
3580
3372
3380
3384
3880
3438
3668
3444
3686
3674
5919
3606
3566
3861
3628
3672
3964
3915
3942
4525
4641
4643
5777
6379
3834
3604
3616
3670
3676
3918
3906
3760
3838
3796
4093
4082
4915
4147
4879
6611
4439
5261
4493
5221
6355
3856
3626
3634
3860
3818
3820
4115
4937
4169
8517
7239
9007
8977
11922
3396
3404
3408
3462
3938
3802
3774
3692
3468
3698
3552
3576
3716
3630
3590
3612
3885
3652
3778
3742
3928
3939
6037
4665
4667
4671
3412
3416
3470
3700
3476
3706
3560
3584
3638
3596
3598
3620
3893
3750
3736
3812
3836
3947
3956
4086
4557
4673
3420
3916
3474
3704
3480
3722
3710
3564
3588
3728
3600
3602
3897
3664
3790
3754
3740
3974
3816
4719
4561
4677
4683
5813
6451
4393
5215
4447
5173
7237
5585
3528
4004
3714
3758
3534
3776
4002
3618
3642
3696
3654
3656
3678
3951
3940
3718
3762
3794
3798
4072
3858
3894
4773
4005
4615
4731
4733
5229
7723
4132
4427
5249
4481
5209
5213
3720
3882
3840
3842
4137
4126
3980
4191
4917
4919
3874
3982
4291
4345
4955
4070
4076
3968
4263
4252
5085
5045
3764
4006
3848
4181
4235
4961
6699
5697
6791
3540
3624
3648
3788
3702
3660
3662
3684
3957
3946
3724
3850
3814
3800
3870
3900
4208
4011
4096
4739
10426
5867
5625
5441
5983
6059
5731
5911
5653
5553
6163
5589
5829
5863
5691
7931
5971
8039
5961
7401
6239
9711
6863
8895
8747
6679
9303
9387
8311
6307
9207
10449
6599
9093
9783
6787
10191
10719
6775
9945
7463
9831
11073
4024
4172
3866
3902
3904
4199
4010
4046
5021
4226
4253
4979
4737
5559
4791
5401
6653
4000
6245
3854
3878
4018
3892
3914
4187
4100
4166
5009
4214
4241
4969
4973
6103
4761
4815
5541
7309
4170
4152
4425
4192
4479
5205
5207
6341
7461
6869
6199
8817
6275
7637
7041
6375
9525
6459
6571
9165
7285
9657
6913
9051
6711
7829
7527
7717
6793
11085
7635
8157
9057
8809
8655
8229
10533
6915
8305
7841
9717
10225
8329
7277
9569
10125
10209
7059
8681
11271
8129
8391
8389
9005
10881
9121
9915
10605
11141
9273
11013
9805
9649
11541
9513
9021
10767
7465
10905
10137
10653
9461
11895
4322
4631
4685
6539
4050
4190
5129
7555
7311
7319
7921
6173
7909
5597
10274
3708
3732
3872
3786
3744
3746
4041
4030
3808
3852
3898
3884
3954
3960
4095
4382
4234
4705
4827
6559
4094
4389
5211
4443
5169
5171
6907
3756
3896
3810
3768
3770
3792
4065
3832
4102
3876
4290
3978
4292
4845
4847
4036
3950
3910
3932
4205
4016
4052
4118
4112
4148
4232
4259
4869
4987
4991
6121
5957
3864
3822
3824
4119
4108
3886
4012
3930
3976
3962
3966
4026
4162
4038
4062
4346
4146
4173
4278
4783
4530
4905
3780
3782
3804
4077
4066
3844
3970
3888
3934
3920
4154
3924
3990
4198
4782
4056
4899
4131
4216
4158
4176
4741
4863
5993
6595
4727
5549
4781
5509
3784
3806
4079
3846
4116
3972
3890
3936
3922
4156
3926
3992
3986
4122
4022
4058
4901
4106
4133
4142
4202
4238
4286
4743
4859
4418
6923
4861
4865
5987
5995
8605
7973
11520
5091
5755
5871
5873
7609
3828
4101
4090
3868
4242
3994
3912
3958
3944
3948
4014
4008
4020
4044
4080
4328
4155
4182
4765
4883
4747
5569
4801
5527
5533
9231
6417
7547
4363
4141
4823
4515
4821
4411
4267
4185
4231
4217
4451
4221
4483
4477
4599
4287
4749
4929
4495
4675
4281
4293
5163
4317
4583
5661
4353
4819
4593
4625
4601
4627
4401
4513
4437
6043
4715
4473
4497
5095
5303
4533
7491
5025
5227
4645
4581
4835
4605
5059
5963
4855
5327
4757
5469
5659
4735
4713
4725
4841
6339
5225
5035
6165
5563
4785
4797
6597
5111
4897
4833
4857
6247
4893
4959
5397
7511
5243
5443
5879
5023
4977
5287
5503
5071
5685
5797
5121
8823
5513
5471
9083
7747
9483
8709
5649
5477
8595
5437
5445
4623
6721
5351
4400
4256
4220
4466
4276
4270
5185
4417
5027
5143
7207
5145
6271
8547
3908
4282
4178
4034
3952
3998
3984
4218
3988
4250
4054
4048
4184
4084
4120
4963
4168
4195
4204
4240
4300
4602
4805
4921
4923
4927
6689
4877
4886
5487
5609
10010
10196
7265
10820
4372
4422
4569
6667
5179
5301
5481
6091
6207
6213
7975
7335
7343
4875
5485
5603
4304
4222
4268
4254
4318
4454
4465
5191
5193
6327
8911
11468
8675
9277
12222
4110
4780
4114
4180
4388
4310
4186
4246
4321
4406
4348
4366
4931
4650
5047
5049
3996
4042
4028
4262
4032
4288
4098
4306
4092
4228
4104
4412
4239
4378
4849
4965
4967
4971
4088
4074
4078
4334
4144
4352
4138
4274
4150
4174
4210
4450
4458
5053
4484
4258
4285
4312
4354
6383
4712
5011
4892
5899
7783
7753
4060
4294
4064
4326
4442
4130
4772
4338
4124
4136
4160
4196
4436
4468
5039
4470
4244
4271
4280
4316
4340
4376
4424
4881
4997
4640
4999
4941
7039
5551
5669
6795
4528
4298
4364
4358
4370
4394
4660
4478
4505
4590
4550
4574
6603
4912
7295
5233
6999
6367
4068
4134
4342
4128
4264
4140
4164
4430
4472
4448
5043
4248
4275
4302
4284
4885
5001
5003
5007
6769
6129
6739
4592
4586
4462
5305
4537
5147
4822
7327
6391
5337
7435
5947
7831
7199
4390
4598
4384
4730
4504
4531
4600
4684
5141
7321
7025
4542
4826
4653
5263
7443
7291
9471
12090
4842
4408
4194
4330
4206
4230
4496
4266
4506
4514
5109
4314
4341
4426
4368
4350
4386
4410
4446
4494
4566
4638
4948
4698
4710
4770
5069
4803
4888
4830
5529
6657
7267
11198
4983
6845
4616
4402
4538
4414
4438
5200
4746
4522
4549
4558
6647
5159
5275
7339
6411
6401
5633
7731
6243
6365
8127
4582
4718
4618
4702
4729
5156
5339
5455
5457
10138
4890
5037
5647
7827
5765
5769
7501
4188
4324
4200
4224
4926
4490
4532
4508
4534
4308
4335
4420
4362
4622
4404
6433
4474
4552
4488
4945
4642
5061
5018
5063
4930
6197
6799
8101
6731
8497
7865
4460
4336
4360
4970
4626
4396
5239
4670
4444
4471
4556
4498
4480
4758
4516
5081
4696
4756
5078
5203
4212
4236
4502
4272
4738
4520
5115
4320
4347
4432
4374
4356
4634
4392
4850
4486
4564
4754
4957
4676
5075
6841
6201
6209
5985
5827
7071
4260
4870
4526
4296
4568
4544
4570
4344
4371
4456
4398
4658
4440
4510
4588
4548
4678
5097
4840
5099
4902
5103
5749
4981
5591
5707
5709
4998
5073
5801
6927
5905
7157
7759
6273
7603
6115
8295
7969
4562
4802
4810
4610
4637
4722
4646
4790
5044
5365
6499
6443
10370
5743
5861
5865
4332
4604
4580
4606
4380
4407
4492
4434
4416
4694
4452
4910
4476
4546
4512
4624
4584
5017
4736
4714
5133
4982
7197
5135
5002
5139
6901
6261
6871
4873
4900
6971
5483
5599
5601
6727
7337
10311
9386
10015
11640
12176
9383
9985
4844
5415
4647
4732
4674
4800
5257
5373
5222
5375
5178
6501
5447
4679
4688
4748
5346
4818
5289
5008
5405
4976
7469
5144
5411
6533
6541
4828
5423
4628
4655
4682
4664
4700
4724
4808
4832
5265
4962
4952
5024
5060
5383
5204
5372
6509
6517
6455
5335
7173
5929
6269
5355
5847
6049
5467
5403
6221
5657
6855
6785
6175
7293
7815
5475
6593
6567
5535
9849
5547
5663
6047
6399
5607
5719
5655
9297
7413
7069
6605
5715
6351
6041
8343
8333
6065
6265
6789
8973
7707
5823
6861
5895
10035
5949
6507
5943
7769
9645
8679
6329
6015
9369
6335
9905
7529
7407
8413
10305
6361
6159
9531
6759
9669
9417
6505
7983
10659
6267
4654
4681
4766
4750
4786
5312
5291
5010
5038
5110
5413
6535
7145
7503
11432
8631
9241
12186
6297
8477
6415
6419
8151
4428
4455
4540
4464
4742
4524
4608
4862
4882
5065
5130
4762
4868
5183
4968
5187
6317
4482
4567
4509
5067
4491
6045
4769
4527
5325
4985
4551
5149
6843
5357
4621
4587
7545
5079
5281
4699
7065
4635
5453
4889
6087
4659
5113
5407
5937
4909
5381
5092
4707
6837
5825
5157
4811
5523
4789
6453
4767
4779
4895
5645
5463
6393
5089
6237
5819
5631
5057
4839
5123
4851
5165
4951
5369
4887
4911
6301
5837
5681
5409
4947
8221
6369
5013
5451
5273
5297
4995
5933
5107
5077
8121
5019
5031
5341
5055
5955
5125
5214
6437
6093
5419
5127
5181
6125
6387
6385
5981
5175
7001
5417
5199
5753
7329
5945
5247
8601
5329
5525
5271
5307
6279
6423
7725
9537
5593
7509
8763
6477
6281
5703
5531
6099
7227
7457
6573
5491
7215
9891
6691
4652
4594
4576
4854
4612
5070
4636
4706
4672
4784
4720
5177
4792
5293
4864
5142
7357
4972
5032
5295
5080
5299
6421
7031
5094
4518
4796
4554
5188
5012
4578
4648
4614
4662
4686
4936
5119
4734
4816
5235
4794
4806
5084
4866
5150
4878
4914
4938
4974
5237
5046
5241
5154
5793
5795
5799
6921
6929
7131
9195
7137
11190
11060
8259
8267
8869
6859
9039
8103
4500
4778
4536
4560
6589
4630
4708
4644
4898
4668
5101
4716
4820
5217
4904
5132
4960
5219
5022
5116
5223
5428
6353
6955
8195
6823
10882
8591
10624
11506
6655
8835
7899
7907
8509
8173
6803
6807
8569
7929
7937
4814
4874
4986
4922
4946
5379
5098
5198
5501
6623
7475
11348
9539
10388
7481
9098
11144
8603
11804
8611
11030
9482
12158
4572
5030
4596
6625
4666
4632
4744
4680
4934
4954
5137
4752
4856
4834
5253
4824
4940
5690
5102
4896
5255
5058
5122
5259
7021
6381
6389
7887
7889
11946
10324
9023
9625
12570
7259
5771
5887
7951
7023
5394
5935
6051
6053
7819
7789
5054
7083
5138
5595
5711
5713
6839
4620
4690
4656
4768
4704
4958
4728
5161
4776
5226
4880
4858
5277
4848
4908
7341
5020
4980
5279
5082
5283
5250
5368
6405
7015
7247
5288
5366
5875
5618
5877
6008
7643
7613
7891
6685
9643
7177
9055
6797
9163
6733
9751
8115
7505
8035
8935
7923
8107
6887
8955
11179
6993
7561
7187
8317
9151
6937
7221
6949
8903
7049
8399
9085
7935
10319
8467
8423
7999
9673
7395
7093
7595
7175
10303
9931
8053
9583
10123
8535
8191
7517
7225
9415
8483
9099
10975
7515
7297
9577
8447
9215
8269
8995
7397
7391
7427
7369
7703
11235
8653
11107
9455
9899
8479
8737
8149
9743
8011
11635
9607
10861
8575
10231
10747
8905
9555
8137
11989
7453
11498
8697
11370
8705
9307
5967
6083
6085
6089
10142
7219
5908
6233
7355
7363
4760
4726
4838
4774
4798
5231
4846
4950
4928
5347
4906
4918
5034
4978
4990
5090
5026
5050
5349
5152
5170
5353
6475
6483
7085
10030
6403
8583
7647
7655
4692
4804
4740
4994
4764
5197
5262
4894
5313
4872
5000
5162
5228
5270
5315
5182
5160
5319
5286
6449
8271
10335
8273
11940
12200
9399
10864
9407
10009
12954
5689
7869
5548
5807
5811
7573
6933
6941
7683
7689
9421
12366
6009
6013
10066
7143
9562
10690
6153
4916
4852
5106
4876
5330
5624
5126
5598
5309
4924
5006
5425
4984
4996
5306
5274
5056
5068
5164
5427
5212
5272
5431
5344
7193
9855
7797
11850
9559
11720
8919
10228
8927
9529
12474
6635
6637
8403
10564
11318
4788
5042
4812
5560
5062
5245
4860
4964
4942
5361
4920
5048
5242
5210
7425
5104
5040
5100
5363
5166
5260
5230
5367
7129
6497
7099
6063
6181
6185
7307
10862
5296
5066
5114
5174
5186
5246
5294
5318
5617
5402
5438
6751
6697
8877
6815
8581
9250
7949
8551
10443
11392
8381
8385
10288
12308
12708
9515
11820
10117
13062
4836
5290
5269
4884
5334
4988
4966
5385
4944
4956
5072
5234
5016
7449
5028
5128
5088
5387
5190
5474
5284
5391
5358
6521
7123
5398
5841
5845
6967
6975
6743
8807
6745
9740
10802
8511
10184
8481
11426
6017
6139
10462
7269
10816
6663
6669
8431
8401
6973
7089
9153
7091
11018
10890
8225
8827
5336
5519
5134
5635
5206
5322
5516
5266
5278
5378
5440
7251
9315
7257
8379
8387
8989
11934
5991
8171
6113
7235
9662
10790
7657
9837
9541
11702
11574
9922
8909
11328
5317
5767
5421
6619
6133
6323
5399
7063
5377
5389
7003
5699
6847
6241
6763
6829
5667
5449
5733
5461
6761
6835
5775
5561
5497
7045
7255
7597
6447
6291
5557
8831
6935
6511
5605
6543
5717
5687
6631
5629
8815
5641
5951
7739
5665
8443
6167
5735
7047
6703
5737
9877
5791
6461
6997
6995
7611
9487
6959
8521
6171
6781
6555
6397
5939
6895
5881
6215
9747
5959
5917
9619
6889
7967
8411
6991
7249
8335
6695
6523
5989
6203
7627
9373
7087
6891
6601
6071
6313
6865
9259
7837
7417
8067
7695
6649
6347
7825
10501
6109
4932
5036
5014
5433
4992
5004
5120
5314
5282
7497
5390
5176
5112
5435
5238
5498
5332
5566
5350
5439
7201
6561
5574
7171
10576
9331
8699
8636
12246
6553
6557
8319
7679
7687
11234
5883
5514
5885
5889
7651
5850
5140
6128
5118
5537
5108
5224
5168
5452
5216
5240
5276
5539
5780
5406
5348
5670
5454
5543
5456
5510
5504
5622
7275
6735
8799
6737
10664
7871
8473
11418
6249
6255
8017
6439
6441
6445
7567
10240
8177
11122
6525
6527
6531
7653
7661
8263
5096
5515
5074
5086
5202
5396
5146
5430
7579
5158
5258
5194
5218
5254
5517
5302
5384
5326
5338
5521
5600
6643
6651
11456
9647
10904
7585
10496
9860
9351
11912
11138
9321
12266
7179
5493
5505
5621
6371
5815
6963
6545
6357
6945
6343
7779
5565
5849
5577
6877
7531
5891
5677
7073
6095
5613
5637
6563
6407
6135
5673
7095
5739
6177
7051
6627
6023
5721
6659
5833
5803
6747
8847
5757
6067
7665
5781
8559
6681
6283
6303
7575
6607
7403
6585
6819
9993
6851
6577
8043
7111
6707
5901
7727
9603
6143
5925
8205
6489
6479
8637
6287
6897
7623
6671
5973
6019
9327
6513
6055
6251
5997
6331
9863
7487
6075
6033
9735
7005
7149
7107
7365
8451
6811
6777
8371
6639
10263
6105
6319
6117
9489
6717
6187
9627
6429
8859
9375
8183
7811
6463
7299
6217
7941
9243
7181
7185
10848
10734
9428
5052
5064
5180
5564
5342
5124
5450
5236
5172
5232
5495
5298
5582
5392
5362
5410
5499
5466
7261
5584
6621
13680
9878
11871
10946
11586
12312
12820
9809
12174
10096
12804
11538
11728
12432
12084
9813
11276
13866
11916
10984
11575
11600
13476
10016
10948
11716
13200
10166
13736
11868
11360
10935
13608
11956
12400
11238
10684
12244
14136
10943
13362
13500
10130
13248
11545
11826
11814
14490
5076
5192
5386
5354
5136
7569
5148
5248
5184
5507
5310
5404
5374
5328
5422
5511
5472
7243
5876
5692
5502
5470
5252
7685
5264
5578
5300
5324
5360
5623
5408
5490
5432
5444
5468
5627
5540
7389
5612
6018
6757
6002
6373
6377
7499
11054
8253
5832
6191
8546
6195
7957
7317
7325
7927
7121
8255
8857
5648
5708
5744
6007
5792
5852
6011
5978
7773
6560
9934
10334
7141
7879
5458
5558
5518
5817
5602
5684
5821
7583
5782
6943
7553
10498
9027
6965
8731
8091
9400
8701
8609
9050
6547
6551
8313
9938
7673
9062
7681
8283
8421
6359
6363
8125
10286
7485
8095
8943
9792
8647
8007
8015
8617
9009
6947
9302
6951
8713
10614
8073
8683
6345
6148
6349
10402
8111
7471
7479
9268
8081
11026
9843
7781
10136
11838
9547
11708
8907
9517
12462
5632
5414
7847
5426
5462
5486
5785
5682
5606
5789
5756
7551
6911
6919
7521
5196
5480
5208
5522
5308
5244
5268
5304
5567
5370
5434
5571
5538
7333
5686
6693
6701
7303
5492
5528
5552
5588
5851
5654
5636
5660
5816
5840
5934
5912
6977
6020
6985
7587
10532
9595
9441
9015
9137
8159
7677
11319
9435
7701
9091
9777
8627
8471
8199
11011
9159
7803
8691
8063
10365
10355
7785
8287
8723
7897
7867
10911
10995
7821
8131
9729
8787
9919
8347
10275
8367
9639
8671
9467
10815
9227
8649
8883
7917
12057
7971
8915
9621
8641
10107
9177
9175
9766
8771
7965
9791
11667
8553
9907
8543
10701
10119
8351
8961
8037
8083
8577
8119
8357
9075
11927
9345
9551
8097
11799
10147
9213
10591
10515
10435
12327
8169
8383
10299
8181
9807
11553
9267
9071
8781
11691
10923
9045
8321
11439
8889
10017
9597
10247
9875
8829
8527
10005
12681
5220
5534
5320
5256
5280
6050
5579
5382
5642
5666
5364
5476
5446
5388
5710
5494
5583
5788
5616
6705
10198
6879
6883
7528
8645
8005
9314
11206
8013
10318
11560
7533
10528
7537
11590
9299
11200
10234
10924
8659
7672
9968
8667
10456
10972
9269
12214
7383
9145
11306
8505
11706
8513
10932
9115
8976
9626
12060
6953
8068
7016
6957
8744
8079
11280
8689
5634
5570
5630
5893
5696
5980
5790
5714
5897
5864
7659
5858
6100
5976
7019
7027
9446
10574
5420
5356
8998
5380
5416
5742
5766
5464
5576
5546
5488
5500
5524
5594
5683
5596
5668
5716
5740
7230
6805
10006
7978
7075
7079
10742
9194
10874
11402
8209
8811
11756
5774
5798
6097
5900
5906
6101
7863
6448
7223
9896
10424
7231
7833
10778
5292
5316
5352
5615
5418
5678
5400
5512
5482
5436
5746
5530
5619
7381
5704
5652
5734
6741
6686
12576
9884
12268
9257
12168
11176
9261
13314
9898
11023
11048
12924
11526
11164
11958
13184
10383
13056
11848
11692
13584
10391
12948
12180
10993
11274
9784
13938
10174
7163
9518
7167
8929
8289
10962
11490
8899
7373
7377
9139
11300
8499
9888
11700
8507
9109
5340
5376
5639
5442
6330
5726
5424
5536
5506
5448
5554
5643
5610
5728
9566
6765
6773
5960
7375
5920
10040
9940
9304
7033
11086
8795
10696
10420
8155
7904
11356
8163
10582
8765
11710
10726
7715
10070
7719
11642
8841
11514
10306
12042
9451
12396
6764
6565
6628
6569
9380
6774
9266
7691
10892
7699
10118
10256
7610
8301
11246
6409
7568
9320
8684
6776
6413
10466
8175
10208
7112
8708
7543
7676
8145
11090
6137
5958
6052
6141
6054
7052
7903
6102
6488
6532
7263
10944
8441
9556
11352
9908
11256
12498
10207
12108
10710
11142
8530
12368
9567
11032
8824
9575
12132
10177
10688
13122
5412
5675
5478
5738
5762
5460
5962
5572
5542
5484
5496
5520
5679
5884
5646
7441
5882
6026
5764
5758
6032
9602
6801
5814
6809
5926
8949
11314
11304
9236
11860
11944
10678
10868
8794
11572
11224
8864
8953
9832
13006
10570
9590
11056
10124
10715
12616
11218
9492
11650
11068
12340
9010
12876
10294
10075
12748
11540
11464
9790
11384
13276
10083
12502
9730
12640
11872
12388
10685
10312
10954
13630
9238
6311
7097
5741
6179
6629
6001
8303
8293
5723
6225
6661
5835
5805
6749
5747
8933
5759
6069
7667
6725
7857
5783
8561
6683
6285
8213
6305
5853
7577
6609
7405
8753
7165
6587
6821
6147
5855
5909
6467
6853
7559
6579
8045
7115
6709
5903
7729
9605
6145
5927
8207
6491
7077
6481
8639
6899
6027
6673
5975
6021
9329
6515
6057
6295
6253
5999
6333
9865
7283
7997
6077
6035
9737
7007
8085
8529
7367
8453
6813
6779
8373
6641
6107
6321
8237
6119
7745
9491
7205
7009
6719
6189
9629
6431
8861
6983
6259
9377
6827
7535
8185
6767
6465
7301
6219
7943
10619
6227
6442
6315
8077
10238
7862
7437
10638
7445
8047
8012
7738
9204
10764
11024
8223
9612
8833
9344
11778
5982
5804
5828
5526
5608
5550
5562
5586
5745
5658
7507
5706
5948
5778
5860
5802
6867
5838
5910
6875
6522
7477
6030
6076
6183
6820
7945
6268
6318
7313
7224
7915
6920
8782
6968
7057
11110
8819
10720
9322
9754
10444
8179
9568
11380
8187
8860
10606
8098
8789
7580
11734
7352
6633
10686
7158
8395
6618
7755
8365
7458
5786
5822
6005
6884
7127
9800
7135
7737
6282
10682
10658
11214
8307
9770
10069
11970
10210
12230
9429
10450
10894
12630
10602
9437
10039
10550
10178
12984
8114
10022
10916
9038
8640
8297
12350
8822
11960
10994
11684
9638
9844
9419
12092
9722
12620
10592
9427
9560
11216
9338
10029
9890
10540
10298
12974
5810
5834
5846
5870
6029
8840
5996
7791
6232
6376
6340
7151
6164
6194
7159
9578
9716
7761
7388
6306
5508
5620
5590
5532
5544
5854
5638
5727
5640
5694
7489
5688
5930
5812
5760
6038
7274
6849
5862
8314
5904
9162
6122
6092
6070
6229
10282
7400
7991
6214
8132
6262
9616
6344
6582
7300
7351
6608
7359
7054
9572
9656
7448
8936
6665
6800
6758
8090
10988
7795
10214
6912
7706
8397
11342
5732
5702
5644
5656
5680
8110
5750
5839
6506
6484
6044
5752
5806
6364
7012
5800
7626
6186
5918
9226
6412
5896
6961
5932
9634
8426
6538
6004
6969
9526
6362
5672
5614
5626
6592
5650
6172
5720
5809
6014
5722
5776
6334
7571
9472
5794
5894
5888
5924
6162
6120
6931
6939
6056
7541
6086
10486
6664
6753
7664
8656
7292
7326
7875
6846
9340
7820
10188
7276
11430
11472
11124
8853
10076
12906
10615
10640
12516
11118
10756
8938
9206
9164
12776
9975
12648
9983
12402
12288
10585
13530
5556
5568
5592
5662
5751
5956
5664
5718
7513
5712
5954
5736
5836
6482
5784
5830
5808
6873
7410
5886
6450
6881
6240
6068
9186
7483
10428
9064
10852
11556
8937
10160
12990
10108
10699
10724
12600
9140
10840
9052
9290
10008
12860
10059
12732
11080
9808
11368
13260
11232
10067
12486
10669
10530
13614
5580
5604
6126
5674
5763
5968
5676
5730
7525
5724
5966
5848
5796
5878
6074
6885
5856
10086
5928
6893
6252
8682
6080
7495
7798
8692
5984
6073
6740
6040
7244
6158
6152
6188
7144
7195
9868
8504
10396
9622
7336
8992
6390
7805
6596
10750
9942
7671
9134
8894
9433
9458
11594
8793
11466
10258
11994
8801
11220
9403
9914
9542
12348
6729
8491
6714
7268
6844
7851
9316
7859
7796
8461
7554
7006
11406
7014
7861
9084
11914
9478
9032
9623
9648
10558
11248
9916
8983
9028
9286
10372
12184
8991
9664
11410
11548
8746
9593
9454
8384
12538
5628
6130
6150
5698
5787
6666
5700
5754
6312
7549
5748
5990
5872
5866
6360
5902
6098
6909
5922
6658
6917
7519
10464
10200
8565
8770
12618
9738
10327
9332
12228
10830
8650
9138
8680
12488
9687
12360
11152
9990
11076
9436
10996
9695
10368
8812
10297
13242
6687
8449
7418
10610
7809
7558
11010
6852
8419
8930
6964
11364
6632
6200
6289
7752
6934
10342
8051
6274
8986
6374
6368
9676
7411
8876
7419
8092
6536
8021
6566
10966
11028
8862
8854
9979
11880
8420
8302
8948
11604
8332
8608
9764
9339
10728
9088
12540
9347
11766
8994
11652
9949
10460
12894
8502
6220
6309
7772
7532
6222
6834
8071
6270
6512
6294
8212
6656
6424
7431
6444
8896
10632
6474
7439
8041
8310
10986
6594
5768
5857
6524
6736
5770
5824
7474
6494
7619
5818
5842
6406
7760
5942
5890
5936
5972
6210
5914
7912
6979
5950
8000
8368
6694
6034
9406
7120
9292
7589
7870
8100
6380
6142
7581
8218
8754
8752
9343
11244
9846
9484
9696
7660
8652
8703
9240
10168
7746
8711
9313
8104
12258
6613
7409
8757
6591
6825
6151
5859
9999
5913
6471
6857
7563
6583
8049
7119
7117
6713
5907
7733
9609
6149
5931
6495
7081
7849
6485
8643
6293
6903
7629
6031
6677
5979
6025
6519
6061
6299
7017
6257
6003
6337
9869
7287
8001
7493
7605
6081
6039
9741
7011
8089
7113
7371
8457
6817
6783
6645
10269
6111
6325
6123
7749
7209
7013
6723
6193
9633
6435
8865
6987
6263
9381
6831
7959
7539
8189
7817
6771
6469
7305
6223
10623
6231
7280
9424
8230
8375
6692
7186
7004
7822
9200
9124
7484
9044
7312
8908
7743
6790
10162
10300
10048
7438
7972
11290
10220
11072
7612
9674
7948
10106
7488
10796
11332
8531
7544
9996
8576
9840
8108
11732
8539
10958
11096
10844
9141
9422
9002
12086
11568
8962
12810
9394
10860
9928
10519
8718
12420
11022
11454
9104
8842
9488
9330
9148
12680
9879
10416
11344
11188
13080
11052
9887
9824
9534
9004
12444
10489
10770
10350
10628
8048
11222
8786
9272
8931
10832
7154
9866
9284
7900
10556
7522
11092
8716
8291
8234
9756
8006
11492
9464
8299
10718
10856
8210
10604
8901
7446
11846
8353
6794
7726
6938
6624
6670
9978
6706
6944
6726
7800
9178
7721
7368
10278
6908
8323
7416
7736
7462
8587
7592
7028
7960
7172
6904
6940
10748
8968
9336
7866
8557
7348
11502
7062
6112
6354
8416
6700
6498
6236
6882
9538
7273
6244
9946
7318
7576
8582
10474
6530
7281
7414
6928
9838
9070
7883
8394
6976
5772
9912
5826
7032
7621
6626
5820
7646
6062
5844
8556
5944
6590
5938
5974
6212
6170
6981
7518
5994
5952
8446
7026
6558
6989
6106
7730
6136
14052
9966
11616
12102
11170
11761
10766
11786
13662
12264
11134
11902
10538
12696
12114
10346
10956
11682
10084
10730
10078
13386
10352
11070
10310
13922
12054
11546
11121
11658
13794
12142
11208
12586
12510
12430
14322
12294
11129
11802
13548
11262
11066
13686
10488
10316
13434
10884
11731
11592
12242
10824
10522
10276
12000
14676
10284
5880
6438
7086
7084
7675
6680
5874
7700
5898
6462
6870
5998
6644
5946
6486
6028
6266
5970
6304
7035
6048
6006
8056
6784
6750
6078
6292
7043
6090
9462
6980
6402
6230
9348
7645
8156
6436
6198
7382
8233
7238
6432
10134
7010
6556
6586
6824
7542
10394
7593
8614
8982
7342
7308
8902
10794
8766
7601
10020
7512
8484
8342
7830
11148
7768
8030
8619
6818
8644
9122
7406
9554
7814
6942
6914
8404
7979
6950
8024
9368
7022
7987
10406
8120
10544
7346
9776
8589
8870
9100
11534
9180
8200
9325
9350
9828
9678
9246
11486
9110
8685
11358
10150
9994
9858
8693
8630
11250
10482
10998
9295
9576
9434
12240
7756
8345
7350
6544
10246
6668
7314
7156
6894
7924
7705
6718
6676
7792
9170
10906
6748
8878
7713
8386
7650
10270
9502
7468
8315
8596
11260
10152
9220
9811
11712
8598
9184
9952
10746
9732
8402
8106
11972
10104
9171
9258
12372
8214
8428
10344
9179
9116
11736
11484
8934
9781
10292
8874
12726
8881
8906
7204
7692
8460
8666
8241
7254
10914
9706
8544
7990
7956
9550
11442
7498
8249
8186
10038
7436
8851
9362
8478
9120
10780
9382
8252
9020
9814
7232
8188
9172
8239
8776
10912
9704
8284
7988
7954
11440
7496
10666
10804
7606
10552
8002
8849
7394
9118
11794
9470
8475
7669
9495
11371
7911
7693
8257
8843
9611
8247
10405
9823
8055
8665
9391
8439
7741
7787
11095
8281
7823
8061
8779
8019
7765
8099
11631
9049
9763
9255
9367
7801
11503
8773
9851
8917
10295
8875
9133
10219
8579
8545
10139
8407
12031
7873
8087
10003
7885
9511
11257
8775
8485
11395
8197
10627
11143
8593
9440
9721
9301
9951
8533
8231
9067
7985
9709
12385
7993
7480
6674
10376
8978
8616
7252
8828
8396
6798
7444
10100
7286
7784
10636
8260
7835
10508
8856
7880
8138
9144
6878
9008
6890
10262
7202
9632
7754
8445
8726
8956
7538
7236
8072
6990
8714
11390
5868
5892
6456
6446
8022
6254
5992
5940
5986
6022
6260
6978
6218
6298
7962
7029
6042
6000
8494
6778
6744
6606
7037
6084
9456
6224
7639
6184
10584
6192
9520
11396
7936
9998
10430
9416
7818
8464
7766
11656
9280
8855
9392
7868
8798
8570
10164
8432
12056
10028
8863
11282
8510
11420
10652
8050
11168
9465
9746
9326
9976
9092
8010
12410
13272
11874
10744
11512
10148
11724
9956
9694
10340
12996
13532
11156
10731
11268
13404
11752
12196
11034
12120
10480
12040
10308
13932
11904
10739
9786
11412
13158
10872
10386
13296
10098
12528
10650
10494
11341
11622
11202
11852
11480
14286
6352
6134
6698
7284
6688
8846
6496
7832
6234
6880
6182
6228
9536
6722
6206
10072
7490
7271
7808
8292
7316
7574
6986
8444
7279
7412
6926
9836
6638
6466
9584
7881
8162
6426
8150
5916
6480
7614
6016
5964
6010
6046
6284
7002
6242
5988
6322
9854
7478
7053
6066
6024
7140
6768
8362
7061
6108
7734
6708
6178
6420
6972
6248
7663
7524
7802
6454
10608
10476
9346
10114
8750
9894
8296
8942
11598
8522
8602
12134
9758
9333
9276
10798
9378
9048
10642
8910
12534
10506
9341
11760
9278
8458
11898
11130
9252
8528
9096
9943
10454
10082
9036
9570
10212
12888
7630
8398
9192
7226
7566
6806
10418
8042
7617
6630
6588
8638
7920
9006
10818
6660
7625
7758
6742
10182
6984
8227
8508
8738
6772
11172
8216
9778
9196
7160
10468
7434
7138
9136
8203
8740
10876
9224
8290
9668
9592
9512
7780
11404
9376
8211
10630
8344
7570
10000
7966
8813
9094
8952
9082
11758
9752
8388
9964
8806
9532
7934
7928
11236
8422
7964
8160
8240
11772
9190
9396
8971
9508
7942
11644
9058
10436
9016
9274
10360
8720
8686
8014
8228
8979
9652
11398
11536
10768
11284
9581
9862
10092
8674
9208
8126
9850
12526
8600
6832
7442
7216
6518
6564
7058
10408
7826
8540
7607
8144
6620
10280
7694
6650
7615
6662
8288
7262
6732
10172
6974
9920
8217
8498
7310
8486
11162
8990
8728
9374
8722
12030
9216
8758
8996
9714
8954
9034
12566
9765
12438
9708
10786
9852
11230
9480
11074
12966
10938
9773
12192
9710
8890
12330
11562
12078
10375
10236
10886
10514
9166
8928
10176
8408
9744
8792
8414
8452
9402
9608
9183
11856
9270
9228
9486
10572
8932
10492
8760
12384
8440
10356
9191
9864
9324
9128
8308
11748
10980
9102
9793
9654
10304
8584
9420
10062
12738
6640
7976
6326
9680
6866
8348
7840
7415
6386
10088
7358
7460
8804
7130
10616
6458
6672
8588
7423
8096
9842
7556
9980
6782
9212
9728
8164
7118
7652
8294
10970
6578
7634
7256
7974
7214
10826
8450
8025
8562
7038
7968
9046
9490
7774
9334
7282
8033
7970
7680
7220
10338
8635
9146
7426
8262
7180
8904
11580
7714
8360
7708
11016
8202
8020
11552
8970
9684
8751
7722
11424
10216
9054
10140
11952
8008
8759
9432
11178
8892
8696
7876
11316
8118
7946
11064
9361
9500
8152
7906
12306
6116
6762
6064
6110
6146
6384
6088
7372
8086
7578
7153
7690
6166
6124
9826
8174
7240
8618
7198
6902
6868
8462
6730
10354
6410
6208
7834
7098
6808
6278
6520
7072
6348
9466
6916
7763
8044
7624
6856
6554
8032
10708
6710
10064
7250
6792
7748
6988
6734
8018
8732
7799
6812
6770
10472
7742
7886
7844
9188
7514
7376
11000
6842
8972
7807
6854
10226
7940
7744
7454
10364
7166
9596
7718
8690
8920
8548
7200
8036
6954
11354
6012
6058
9366
6552
6094
6332
7050
6290
6036
9902
7101
7638
6114
6072
9774
8122
8566
10302
6144
7109
6156
7242
7046
6756
6468
7020
6296
9414
7711
7338
6256
10656
6264
6104
9412
6598
6140
7096
6336
6082
6416
7147
6160
9820
7090
8168
7192
7450
8536
6896
6862
8456
6724
10348
6190
6404
8320
7155
6202
6802
6272
8944
7066
6342
9460
7757
8038
8268
6850
7384
6302
10702
6310
12720
9686
9644
9390
9724
13256
11388
10880
10455
9468
13128
10398
11476
10542
11920
10500
11844
10204
10170
11764
13656
9712
10463
9510
11136
12882
10596
10400
10110
9580
13020
9822
10374
9650
12768
11065
11346
10926
11576
11204
10692
14010
7092
6872
6830
10442
7641
10314
7584
7728
9106
7944
7356
8950
7218
6684
7649
6696
10068
6766
6836
9954
8251
8532
8762
8390
7042
7878
6796
8520
11196
6804
6176
6414
7132
6372
6118
6452
8116
7183
7720
6196
6154
9856
7126
8204
7270
8648
7228
8572
6932
6898
8492
6760
6226
8356
7191
6238
7864
9610
6838
6308
6550
6378
9496
6946
7793
8074
6886
7420
6338
10738
6346
6652
7370
6690
10222
7640
7846
7421
7958
10094
7364
7508
7724
7136
6998
10622
6464
6678
7429
6476
7562
7076
6546
9986
6788
9218
6616
9734
7184
8031
7892
8170
7124
6576
8300
10976
8088
7074
7408
8358
9072
8564
8139
8676
7110
10812
9160
8226
9604
8184
9528
7888
11340
7182
7396
9312
8147
7194
8820
8084
9936
7334
10452
7902
8749
8610
9260
7540
6568
6314
6648
7598
8312
7804
7379
7916
6392
6350
10052
7322
8400
7466
7424
7682
7128
6956
10580
6422
6636
8552
7387
6434
8060
9806
7520
7324
7034
6504
9944
6574
9692
7142
7989
8500
7082
7616
6534
8258
6542
6060
6394
9926
8058
7550
7125
7662
6138
6096
8146
8590
7170
7428
6874
6840
8434
6702
10326
6168
6382
8298
7133
6180
7806
7266
7070
6250
6492
8922
7044
6320
9438
7735
8246
7874
6828
6526
7362
6280
10680
6728
8392
7459
6472
6430
10132
8480
7546
8924
7504
7762
8848
7208
7174
8768
7036
10660
8632
7467
6514
8140
9886
7600
7404
7114
6584
10024
6826
7378
6654
7222
8069
8350
7930
6860
7696
6614
11014
6622
13792
11210
11924
11416
10991
11528
9962
13664
10934
12012
11078
12456
11036
11294
12380
10706
10568
14192
10034
12164
10999
10046
11672
13418
11132
10936
10646
13556
10358
12788
10910
10186
13304
10754
11601
11882
11462
12112
11740
10694
10392
11228
10146
11870
14546
10154
8628
8834
8409
7380
11082
8352
9430
8496
8454
8158
9718
11610
7452
7666
9582
8417
9090
10836
7776
8328
7604
10722
8172
9019
9300
8880
9530
9158
7564
9288
11964
7572
10056
9123
11796
10144
10588
9426
10512
8872
8838
8700
12324
8166
8380
10296
9131
9804
11550
9068
8778
8248
8886
9733
10014
9594
10244
9872
8826
8524
9360
8278
10002
12678
8286
9040
8615
9152
7628
7586
11288
9636
8660
8918
10004
8330
9924
8192
11816
7658
9788
8623
7670
9296
11042
8560
8270
11180
10412
8534
7810
10928
8378
9225
9506
9086
9364
8318
8016
8852
9494
12170
7778
8727
7203
7161
10863
8133
9211
8277
9655
8235
8493
9579
7939
7905
9499
7767
11391
7233
7447
9363
8198
7245
8871
10617
8331
8135
7845
7315
10755
7557
9987
8109
7385
10503
7953
8800
9081
8661
9311
8939
7893
7591
8427
7345
9069
11745
9264
7740
8670
9748
10192
10116
8476
8442
10036
8304
7770
9900
8735
7782
8868
8672
8382
7852
11292
10524
7922
11040
8490
9337
9618
9198
9848
9476
8430
9606
6174
9876
7146
8668
7506
8592
6952
6918
8512
6780
6246
6460
7211
6258
9630
6858
6328
9768
6570
7122
6398
9516
6966
7813
7674
8324
7952
6906
6604
6366
6132
7104
8182
7248
8626
7206
7464
8550
6910
6876
6738
10362
6204
6418
8334
7169
6216
7842
9588
7302
7106
6816
6286
9726
6528
7080
6356
9474
7771
7632
8282
7910
6864
6562
6316
10716
6324
13536
11884
10950
12328
11166
12252
10612
10578
12172
10440
14064
10120
12036
10871
11544
13290
11004
9988
13428
10230
12660
10782
10058
13176
10626
11473
11754
11984
11612
10566
10264
11100
11742
14418
10026
8076
8220
9598
8178
9522
7882
7848
9442
7710
11334
7176
8141
7188
8814
10560
8274
8078
7788
7258
10698
9930
8052
7328
7896
8743
9024
8604
9254
8882
7836
8370
7288
11688
7296
10232
9298
10676
9514
10600
8960
8926
10520
8788
12412
8254
8468
10384
9219
8266
11638
9352
8336
11776
8578
11008
9130
11524
8974
9821
10102
9682
8914
8612
9448
10090
12766
8374
8322
7992
9586
7854
11478
7534
9450
8285
7332
8958
10704
8222
7932
7402
10842
7644
10074
7472
10590
8040
8887
9168
8748
9398
7980
7678
8514
7432
11832
7440
11120
9700
9958
11044
9404
9370
10964
9232
12856
8698
8912
10828
9663
8710
10336
12082
9796
9310
8780
12220
9022
11452
9574
8850
11968
10265
10126
10776
10404
9358
9056
9892
8810
10534
13210
8280
8538
9624
7984
7950
9544
7278
7492
9408
8243
8916
10662
8180
7890
7360
7602
10032
8154
7430
10548
7998
8845
8706
9356
8984
7938
7636
7390
9114
7398
9882
8242
8208
9802
8070
11694
7750
8501
9174
10920
8438
8148
7618
11058
7860
10290
8412
10806
8256
9103
9384
8964
9614
9242
7894
7648
9372
12048
9328
9294
10888
9156
12780
8622
8836
10752
9587
10260
12006
9720
9524
9234
8704
12144
8946
11376
9498
8774
11892
10189
10050
10328
8980
9816
8734
13134
8742
7688
7654
9248
7516
11140
6982
7196
7947
6994
10366
7884
7594
7064
10504
7858
10252
7702
8549
8830
8410
9060
8688
7642
7340
8176
7094
8818
11494
7620
9214
11106
7162
9078
7913
6960
8586
8046
7850
7560
7030
10470
9702
7100
10218
7668
8515
8796
8376
7306
8142
7060
11460
7068
10808
9076
12700
8542
8756
10672
9507
8554
10180
11926
9640
9444
9154
8624
12064
8866
11296
9418
8694
11812
9262
10109
10390
9970
10620
10248
9202
8900
9736
8654
10378
13054
8662
7344
10968
6810
7024
8940
7775
6822
10194
7908
7712
7422
6892
10332
7134
9564
7686
6962
10080
7530
8377
8658
8888
8516
7168
8004
6922
8646
11322
6930
14592
10434
10648
12564
11399
10446
12072
13818
11532
11336
11046
10516
13956
13188
11310
10586
13704
11154
12001
12282
11862
12512
12140
11094
10792
11628
10546
12270
14946
10554
6276
6490
8406
7241
6288
7914
9660
7374
7178
6888
6358
9798
6600
9030
7152
6428
9546
6996
7843
7704
8354
7982
6936
6634
7470
6388
8112
10788
6396
6704
8620
7455
6502
8128
9874
7588
7392
7102
6572
10012
6814
9244
7366
6642
9760
7210
8057
8338
7918
8196
7150
6848
7684
6602
8326
11002
6610
9371
8418
10044
11790
9504
9308
9018
8488
11928
8730
11160
9282
8558
11676
9126
9973
10254
9834
10484
10112
9066
8764
9600
8518
10242
12918
7253
8879
10625
8339
8143
7853
7323
10763
7565
9995
8117
7393
10511
7961
8808
9089
8669
9319
8947
7901
7599
8435
7353
9077
11753
7361
6300
7926
9672
7386
7190
6900
6370
9810
6612
9042
7164
9558
7855
8136
8366
7994
6948
6646
7482
6400
8124
10800
6408
11298
9012
8816
8526
7996
11436
8238
10668
8790
8066
11184
8634
9481
9762
9342
9992
9620
8574
8272
9108
8026
12426
13044
10758
10562
10272
9742
13182
9984
12414
10536
9812
12930
10380
11227
11088
11738
11366
10320
10018
10854
9772
11496
14172
9780
8472
7986
7456
10896
7698
10128
8250
7526
10644
8941
9222
8802
9452
9080
8034
7732
8568
7486
9210
11886
7494
8080
7790
10700
7502
9932
8054
7330
10448
7898
8745
9026
8606
9256
8884
7838
7536
8372
7290
11690
7298
7500
6970
10410
7212
9642
7764
7040
10158
7608
8455
8736
8316
8966
8594
7548
7246
8082
7000
8724
11400
7008
6440
9880
6682
9112
7234
6510
9628
7078
7925
8206
7786
8064
7018
6716
7552
6470
8194
10870
6478
13320
10122
12552
10674
9950
13068
10518
11365
11646
11226
11876
11504
10156
10992
9910
11634
14310
9918
6924
9354
7476
6752
9870
7320
8167
8448
8678
8306
7260
6958
7794
6712
8436
11112
6720
11784
9906
9182
12300
9750
10597
10878
10458
11108
10736
9690
9388
10224
9142
10866
13542
9150
8028
7304
10422
7872
8719
9000
8580
9230
8858
7812
7510
8346
7264
8988
11664
7272
6580
9698
7148
7995
8276
7856
8506
8134
7088
6786
7622
6540
8264
10940
6548
12816
10266
11113
11394
10974
11624
11252
10206
9904
10740
9658
11382
14058
9666
7716
8563
8844
8424
9074
8702
7656
7354
8190
7108
8832
11508
7116
9691
9271
9921
9549
8503
8201
9037
7955
9679
12355
7963
9972
9552
10202
9830
8784
8482
9318
8236
9960
12636
8244
9132
9782
9410
8364
8062
8898
7816
9540
12216
7824
10432
10060
9014
8712
9548
8466
10190
12866
8474
9688
8642
8340
9176
8094
9818
12494
8102
7596
7294
8130
7048
8772
11448
7056
6992
7828
6746
8470
11146
6754
8664
7582
9306
11982
7590
6500
8224
10900
6508
9948
12624
8232
15300
10908
6516
